1.781683789062500000e+04
1.803899804687500000e+04
1.816759765625000000e+04
1.795483984375000000e+04
1.746430468750000000e+04
1.466604980468750000e+04
1.622807910156250000e+04
1.432759863281250000e+04
1.404418554687500000e+04
1.283346875000000000e+04
1.280216992187500000e+04
1.363391796875000000e+04
1.201628125000000000e+04
1.269981640625000000e+04
1.152930859375000000e+04
1.090579003906250000e+04
1.052099023437500000e+04
1.081820410156250000e+04
1.060013085937500000e+04
1.049345410156250000e+04
9.215769531250000000e+03
9.835153320312500000e+03
9.388361328125000000e+03
9.392083007812500000e+03
8.768014648437500000e+03
8.425929687500000000e+03
8.081379882812500000e+03
7.910310546875000000e+03
7.941263183593750000e+03
7.967309570312500000e+03
7.337373046875000000e+03
7.145935058593750000e+03
6.930525878906250000e+03
6.581407714843750000e+03
6.551482421875000000e+03
6.035062988281250000e+03
6.932372070312500000e+03
5.953862304687500000e+03
5.755061035156250000e+03
5.667947265625000000e+03
5.537000000000000000e+03
5.454212402343750000e+03
5.030204589843750000e+03
5.145261230468750000e+03
4.681067382812500000e+03
4.590510253906250000e+03
4.512599121093750000e+03
4.550517578125000000e+03
4.269073242187500000e+03
4.058995605468750000e+03
4.072357910156250000e+03
3.861130371093750000e+03
3.735107910156250000e+03
3.684605957031250000e+03
3.547936767578125000e+03
3.304691650390625000e+03
3.410368164062500000e+03
3.303131103515625000e+03
3.164781738281250000e+03
2.952383300781250000e+03
2.957444580078125000e+03
2.805314208984375000e+03
2.674213867187500000e+03
2.722244140625000000e+03
2.537942871093750000e+03
2.481098632812500000e+03
2.305863525390625000e+03
2.366455322265625000e+03
2.277602050781250000e+03
2.168710449218750000e+03
2.134745605468750000e+03
2.004446044921875000e+03
1.992410400390625000e+03
1.944696166992187500e+03
1.964161621093750000e+03
1.831259887695312500e+03
1.900197021484375000e+03
1.757630859375000000e+03
1.703738403320312500e+03
1.700060180664062500e+03
1.697767456054687500e+03
1.569579101562500000e+03
1.555682495117187500e+03
1.373096557617187500e+03
1.472578247070312500e+03
1.469041259765625000e+03
1.456836914062500000e+03
1.348142822265625000e+03
1.344396606445312500e+03
1.273087890625000000e+03
1.289653320312500000e+03
1.247375000000000000e+03
1.323629760742187500e+03
1.190011596679687500e+03
1.157128417968750000e+03
1.149715209960937500e+03
1.162574584960937500e+03
1.146445922851562500e+03
1.126780395507812500e+03
1.072935791015625000e+03
1.051457519531250000e+03
1.036407470703125000e+03
1.057014770507812500e+03
1.037684326171875000e+03
1.019739074707031250e+03
9.961172485351562500e+02
9.315802001953125000e+02
9.283086547851562500e+02
9.368468627929687500e+02
9.727811279296875000e+02
9.674866333007812500e+02
9.611466674804687500e+02
9.951784057617187500e+02
8.867234497070312500e+02
9.119484252929687500e+02
8.912174072265625000e+02
8.637246704101562500e+02
8.815339965820312500e+02
8.712266845703125000e+02
8.800518188476562500e+02
8.743880004882812500e+02
8.957827758789062500e+02
9.393688354492187500e+02
8.646585083007812500e+02
8.273048095703125000e+02
8.470718383789062500e+02
8.492026367187500000e+02
7.845092773437500000e+02
7.831921386718750000e+02
8.455844726562500000e+02
8.070708618164062500e+02
8.336250610351562500e+02
7.811232910156250000e+02
7.809152221679687500e+02
