7.726179361343383789e-01
1.366180062294006348e+00
1.664481759071350098e+00
2.811954021453857422e+00
2.976139783859252930e+00
3.825117349624633789e+00
4.563047885894775391e+00
5.042587280273437500e+00
6.167949676513671875e+00
6.702959537506103516e+00
7.329088211059570312e+00
7.821531772613525391e+00
8.843611717224121094e+00
9.699047088623046875e+00
1.002182960510253906e+01
1.073586750030517578e+01
1.112486362457275391e+01
1.191418647766113281e+01
1.252116012573242188e+01
1.278505802154541016e+01
1.318231487274169922e+01
1.368183708190917969e+01
1.383739852905273438e+01
1.369291496276855469e+01
1.382440757751464844e+01
1.335917472839355469e+01
1.386885643005371094e+01
1.366045570373535156e+01
1.349816226959228516e+01
1.277598381042480469e+01
1.279902458190917969e+01
1.260318374633789062e+01
1.183554458618164062e+01
1.140764522552490234e+01
1.090317535400390625e+01
1.023612594604492188e+01
9.834950447082519531e+00
9.095360755920410156e+00
8.071174621582031250e+00
7.258693695068359375e+00
6.706647872924804688e+00
5.519970893859863281e+00
4.613324165344238281e+00
3.883413314819335938e+00
2.834860801696777344e+00
1.651851654052734375e+00
6.969461441040039062e-01
-4.791917800903320312e-01
-1.914080619812011719e+00
-2.746064662933349609e+00
-3.983811855316162109e+00
-5.022807598114013672e+00
-6.183200836181640625e+00
-7.393231391906738281e+00
-8.699518203735351562e+00
-1.058153438568115234e+01
-1.118194484710693359e+01
-1.246658611297607422e+01
-1.362240791320800781e+01
-1.593199348449707031e+01
-1.681310653686523438e+01
-1.791680526733398438e+01
-1.929688644409179688e+01
-2.094322967529296875e+01
-2.192776870727539062e+01
-2.292962265014648438e+01
-2.489643669128417969e+01
