8.739583015441894531e+00
8.280959129333496094e+00
8.407849311828613281e+00
7.767553806304931641e+00
7.385144233703613281e+00
5.501273632049560547e+00
6.114635944366455078e+00
4.579524993896484375e+00
4.299729347229003906e+00
3.072828054428100586e+00
2.932461261749267578e+00
2.749070167541503906e+00
1.747116565704345703e+00
1.528677940368652344e+00
7.641620635986328125e-01
-1.517648696899414062e-01
-5.013952255249023438e-01
-7.968864440917968750e-01
-1.161726951599121094e+00
-1.800675868988037109e+00
-2.465042591094970703e+00
-3.214071273803710938e+00
-3.602282047271728516e+00
-4.029421329498291016e+00
-4.439732551574707031e+00
-5.540807723999023438e+00
-5.659400463104248047e+00
-6.424984931945800781e+00
-6.189609527587890625e+00
-6.998251914978027344e+00
-7.398776054382324219e+00
-8.138737678527832031e+00
-8.462096214294433594e+00
-9.220929145812988281e+00
-9.332029342651367188e+00
-1.029569149017333984e+01
-9.801213264465332031e+00
-1.091253089904785156e+01
-1.086332130432128906e+01
-1.146427345275878906e+01
-1.109692001342773438e+01
-1.199681854248046875e+01
-1.212181663513183594e+01
-1.274431896209716797e+01
-1.244004631042480469e+01
-1.292383575439453125e+01
-1.230416774749755859e+01
-1.333801174163818359e+01
-1.301817417144775391e+01
-1.375088500976562500e+01
-1.349324607849121094e+01
-1.405385398864746094e+01
-1.351778411865234375e+01
-1.427588748931884766e+01
-1.347103786468505859e+01
-1.433370208740234375e+01
-1.350607013702392578e+01
-1.395288562774658203e+01
-1.360087013244628906e+01
-1.366979694366455078e+01
-1.359330654144287109e+01
-1.357266139984130859e+01
-1.340043067932128906e+01
-1.356382656097412109e+01
-1.313075923919677734e+01
-1.332076263427734375e+01
-1.286309051513671875e+01
-1.341791248321533203e+01
-1.228870964050292969e+01
-1.288730525970458984e+01
-1.221621894836425781e+01
-1.285575199127197266e+01
-1.194327831268310547e+01
-1.252162075042724609e+01
-1.146723747253417969e+01
-1.176406383514404297e+01
-1.052010631561279297e+01
-1.100002670288085938e+01
-9.975802421569824219e+00
-1.035759544372558594e+01
-9.459763526916503906e+00
-1.002700805664062500e+01
-8.885599136352539062e+00
-9.487630844116210938e+00
-8.161805152893066406e+00
-8.410513877868652344e+00
-7.259160995483398438e+00
-7.577615737915039062e+00
-6.461994647979736328e+00
-6.998280525207519531e+00
-5.762486457824707031e+00
-6.020568847656250000e+00
-4.582056045532226562e+00
-5.488638877868652344e+00
-4.337799549102783203e+00
-4.416692256927490234e+00
-3.356995582580566406e+00
-3.603736877441406250e+00
-1.889350414276123047e+00
-2.492693424224853516e+00
-1.400165796279907227e+00
-1.587378978729248047e+00
-2.233452200889587402e-01
-6.974124312400817871e-01
6.312899589538574219e-01
2.222393453121185303e-01
1.225758671760559082e+00
9.193488359451293945e-01
2.358463525772094727e+00
2.384242057800292969e+00
3.743382453918457031e+00
3.477719068527221680e+00
5.018463134765625000e+00
3.997045993804931641e+00
5.695228099822998047e+00
5.115764141082763672e+00
6.455867290496826172e+00
6.364933013916015625e+00
7.712481975555419922e+00
7.441136837005615234e+00
8.939583778381347656e+00
8.560150146484375000e+00
1.060819625854492188e+01
9.491508483886718750e+00
1.092872524261474609e+01
1.058318519592285156e+01
1.174735736846923828e+01
1.130754375457763672e+01
1.283185672760009766e+01
1.304656219482421875e+01
1.428012752532958984e+01
1.380673980712890625e+01
1.512147521972656250e+01
1.459467697143554688e+01
